10011
14202
33132
43231
10001
11222
30303
10005
10003
33024
20001
04401
10025
11530
21401
10022
55442
20011
43201
41051
10013
10002
33301
11413
10010
20002
11201
45103
43215
55423
02124
10021
10453
02130
44102
10004
11101
45242
23220
11211
30022
20151
21215
10023
04330
43235
11215
15001
10012
11221
20110
30350
14215
33401
53214
43230
34243
33142
33125
30331
55104
30004
11220
02131
32003
10314
33134
15212
20024
20005
15220
44124
32210
22102
11234
33122
35004
10014
33025
45011
15205
10024
53215
11212
45251
30533
11235
10451
32043
22030
95008
40740
07620
25422
10044
10011
35806
76036
76262
01242
33809
33810
40047
40219
33547
34113
85755
19350
65040
10026
08016
78729
96716
93702
63101
90005
60439
94539
85032
61115
59935
80020
95993
49403
27017
20151
75252
75071
20001
27607
92262
92234
37932
37919
78240
97818
33708
64477
37075
60640
33150
38002
40472
11801
84117
53581
44901
03287
02115
33175
60602
11358
11355
89011
89002
11385
97205
50258
03101
03301
32025
10019
89106
89147
21239
48157
73132
90247
30350
76135
30265
18335
01915
07440
18915
95130
92868
42234
89119
90706